3053|0	0
1822|0	0
1027|0	0
1311|0	0
2612|0	0
1532|0	0
2729|0	0
3902|0	0
1971|0	0
2623|0	0
3964|0	0
3711|0	0
3039|0	0
4739|0	0
1542|0	0
5267|0	0
4824|0	0
1381|0	0
1141|0	0
2076|0	0
1080|0	0
909|0	0
3307|0	0
952|0	0
2968|0	0
4834|0	0
977|0	0
3326|0	0
1749|0	0
3822|0	0
1230|0	0
2799|0	0
2210|0	0
5043|0	0
2649|0	0
2736|0	0
3742|0	0
1815|0	0
4203|0	0
1386|0	0
4722|0	0
5028|0	0
1083|0	0
4073|0	0
4993|0	0
4030|0	0
4382|0	0
4410|0	0
2698|0	0
886|0	0
3484|0	0
2107|0	0
3972|0	0
1636|0	0
2463|0	0
842|0	0
3809|0	0
3746|0	0
2123|0	0
2636|0	0
4307|0	0
3841|0	0
2334|0	0
4846|0	0
4489|0	0
3308|0	0
2109|0	0
880|0	0
4315|0	0
1770|0	0
762|0	0
2513|0	0
4554|0	0
3256|0	0
1127|0	0
3222|0	0
1053|0	0
1495|0	0
4884|0	0
1358|0	0
2656|0	0
3718|0	0
2103|0	0
1204|0	0
2923|0	0
3200|0	0
3111|0	0
1747|0	0
2374|0	0
987|0	0
3342|0	0
4090|0	0
2244|0	0
1508|0	0
4850|0	0
2120|0	0
1728|0	0
2743|0	0
4923|0	0
4998|0	0
3543|0	0
2511|0	0
1448|0	0
2733|0	0
773|0	0
1439|0	0
4157|0	0
1970|0	0
3613|0	0
4706|0	0
1706|0	0
3501|0	0
2085|0	0
1780|0	0
3001|0	0
936|0	0
3927|0	0
5081|0	0
2294|0	0
3148|0	0
2953|0	0
3565|0	0
1074|0	0
5290|0	0
1303|0	0
4891|0	0
2451|0	0
1385|0	0
2981|0	0
4900|0	0
3886|0	0
5013|0	0
3037|0	0
4856|0	0
4393|0	0
4062|0	0
1627|0	0
2419|0	0
2462|0	0
1930|0	0
4398|0	0
3353|0	0
4196|0	0
4953|0	0
5284|0	0
748|0	0
1659|0	0
1565|0	0
2357|0	0
2367|0	0
1752|0	0
3832|0	0
4679|0	0
1426|0	0
1437|0	0
3763|0	0
5303|0	0
4252|0	0
5060|0	0
3665|0	0
2539|0	0
1838|0	0
2919|0	0
2286|0	0
5084|0	0
5271|0	0
1278|0	0
1772|0	0
4022|0	0
3592|0	0
4537|0	0
4133|0	0
3683|0	0
3276|0	0
2786|0	0
1809|0	0
4449|0	0
4322|0	0
2111|0	0
1857|0	0
4843|0	0
2954|0	0
4049|0	0
3806|0	0
4360|0	0
5110|0	0
4630|0	0
4044|0	0
3124|0	0
5309|0	0
3260|0	0
5057|0	0
1327|0	0
3866|0	0
4314|0	0
3678|0	0
2047|0	0
2007|0	0
1725|0	0
2912|0	0
5103|0	0
2573|0	0
779|0	0
1764|0	0
1208|0	0
4582|0	0
4140|0	0
4390|0	0
4327|0	0
2252|0	0
4370|0	0
4660|0	0
3207|0	0
1187|0	0
2555|0	0
1957|0	0
5134|0	0
4564|0	0
1086|0	0
1831|0	0
2803|0	0
1669|0	0
1156|0	0
920|0	0
3961|0	0
2263|0	0
2663|0	0
1918|0	0
4984|0	0
1735|0	0
1343|0	0
1661|0	0
2904|0	0
3054|0	0
3080|0	0
2500|0	0
2355|0	0
4395|0	0
4618|0	0
1792|0	0
2142|0	0
4414|0	0
4724|0	0
3836|0	0
2290|0	0
4303|0	0
1464|0	0
1853|0	0
4481|0	0
2867|0	0
4435|0	0
3765|0	0
2156|0	0
3380|0	0
4150|0	0
873|0	0
3300|0	0
2866|0	0
2905|0	0
3199|0	0
1702|0	0
2675|0	0
1967|0	0
4420|0	0
3681|0	0
2209|0	0
3096|0	0
1726|0	0
2655|0	0
2429|0	0
1077|0	0
4399|0	0
1514|0	0
1604|0	0
809|0	0
4388|0	0
3216|0	0
2911|0	0
3345|0	0
1376|0	0
2483|0	0
4014|0	0
2853|0	0
4799|0	0
2219|0	0
4576|0	0
2956|0	0
4124|0	0
1905|0	0
1793|0	0
853|0	0
5248|0	0
4099|0	0
1683|0	0
1160|0	0
1392|0	0
1889|0	0
4344|0	0
1573|0	0
848|0	0
4159|0	0
1858|0	0
1655|0	0
2400|0	0
4458|0	0
3921|0	0
1323|0	0
2856|0	0
4434|0	0
4837|0	0
1030|0	0
4103|0	0
5030|0	0
2810|0	0
1227|0	0
4257|0	0
2081|0	0
1013|0	0
4909|0	0
3004|0	0
1216|0	0
1190|0	0
1785|0	0
1470|0	0
1398|0	0
3542|0	0
2212|0	0
2597|0	0
1628|0	0
3003|0	0
313|1	1
690|1	1
11|1	1
165|1	1
251|1	1
558|1	1
397|1	1
30|1	1
679|1	1
201|1	1
24|1	1
717|1	1
478|1	1
357|1	1
74|1	1
512|1	1
95|1	1
487|1	1
600|1	1
651|1	1
153|1	1
431|1	1
545|1	1
264|1	1
139|1	1
462|1	1
295|1	1
434|1	1
393|1	1
440|1	1
81|1	1
716|1	1
591|1	1
76|1	1
520|1	1
504|1	1
294|1	1
350|1	1
289|1	1
148|1	1
589|1	1
125|1	1
540|1	1
383|1	1
59|1	1
58|1	1
342|1	1
477|1	1
56|1	1
672|1	1
662|1	1
100|1	1
29|1	1
459|1	1
133|1	1
62|1	1
497|1	1
177|1	1
704|1	1
473|1	1
375|1	1
366|1	1
410|1	1
532|1	1
425|1	1
573|1	1
403|1	1
373|1	1
42|1	1
411|1	1
228|1	1
131|1	1
36|1	1
345|1	1
312|1	1
547|1	1
382|1	1
14|1	1
399|1	1
173|1	1
360|1	1
647|1	1
492|1	1
286|1	1
51|1	1
101|1	1
696|1	1
71|1	1
185|1	1
147|1	1
106|1	1
572|1	1
113|1	1
310|1	1
161|1	1
129|1	1
485|1	1
457|1	1
439|1	1
379|1	1
308|1	1
247|1	1
299|1	1
585|1	1
412|1	1
575|1	1
388|1	1
355|1	1
377|1	1
577|1	1
290|1	1
420|1	1
88|1	1
209|1	1
351|1	1
265|1	1
20|1	1
705|1	1
183|1	1
568|1	1
12|1	1
135|1	1
206|1	1
629|1	1
510|1	1
207|1	1
23|1	1
48|1	1
437|1	1
127|1	1
607|1	1
215|1	1
134|1	1
266|1	1
64|1	1
77|1	1
580|1	1
118|1	1
305|1	1
97|1	1
217|1	1
627|1	1
450|1	1
168|1	1
132|1	1
637|1	1
61|1	1
486|1	1
271|1	1
542|1	1
702|1	1
692|1	1
211|1	1
438|1	1
445|1	1
94|1	1
234|1	1
493|1	1
184|1	1
243|1	1
112|1	1
337|1	1
632|1	1
141|1	1
109|1	1
454|1	1
107|1	1
414|1	1
569|1	1
460|1	1
402|1	1
661|1	1
443|1	1
15|1	1
481|1	1
117|1	1
1|1	1
659|1	1
111|1	1
708|1	1
309|1	1
244|1	1
633|1	1
665|1	1
190|1	1
400|1	1
92|1	1
192|1	1
181|1	1
685|1	1
536|1	1
199|1	1
18|1	1
114|1	1
179|1	1
121|1	1
387|1	1
325|1	1
617|1	1
691|1	1
160|1	1
381|1	1
588|1	1
19|1	1
270|1	1
581|1	1
53|1	1
417|1	1
689|1	1
475|1	1
6|1	1
408|1	1
630|1	1
277|1	1
622|1	1
513|1	1
686|1	1
609|1	1
598|1	1
467|1	1
17|1	1
28|1	1
551|1	1
40|1	1
41|1	1
222|1	1
242|1	1
470|1	1
587|1	1
324|1	1
279|1	1
197|1	1
374|1	1
25|1	1
713|1	1
621|1	1
468|1	1
191|1	1
69|1	1
154|1	1
259|1	1
105|1	1
65|1	1
150|1	1
407|1	1
301|1	1
298|1	1
21|1	1
354|1	1
517|1	1
362|1	1
735|1	1
214|1	1
284|1	1
68|1	1
687|1	1
616|1	1
149|1	1
38|1	1
358|1	1
282|1	1
631|1	1
528|1	1
70|1	1
333|1	1
707|1	1
703|1	1
406|1	1
603|1	1
722|1	1
278|1	1
300|1	1
521|1	1
655|1	1
331|1	1
456|1	1
346|1	1
620|1	1
280|1	1
275|1	1
162|1	1
574|1	1
649|1	1
371|1	1
91|1	1
664|1	1
67|1	1
54|1	1
82|1	1
115|1	1
159|1	1
653|1	1
576|1	1
167|1	1
89|1	1
340|1	1
723|1	1
553|1	1
39|1	1
258|1	1
319|1	1
213|1	1
273|1	1
9|1	1
623|1	1
4|1	1
516|1	1
652|1	1
583|1	1
550|1	1
660|1	1
232|1	1
261|1	1
565|1	1
469|1	1
544|1	1
508|1	1
676|1	1
200|1	1
563|1	1
398|1	1
7|1	1
526|1	1
86|1	1
559|1	1
231|1	1
471|1	1
8|1	1
108|1	1
194|1	1
