1182|0	0
2807|0	0
5281|0	0
3989|0	0
1255|0	0
2810|0	0
3936|0	0
882|0	0
3176|0	0
899|0	0
3920|0	0
2009|0	0
5129|0	0
4428|0	0
1764|0	0
4231|0	0
4581|0	0
3543|0	0
2318|0	0
5100|0	0
5299|0	0
826|0	0
961|0	0
1879|0	0
2649|0	0
1390|0	0
2881|0	0
1540|0	0
4972|0	0
1458|0	0
1558|0	0
825|0	0
5140|0	0
2551|0	0
4364|0	0
5080|0	0
5182|0	0
2569|0	0
3392|0	0
2408|0	0
4894|0	0
4200|0	0
2865|0	0
4419|0	0
3461|0	0
2615|0	0
5219|0	0
1911|0	0
3039|0	0
4451|0	0
801|0	0
5004|0	0
2352|0	0
3523|0	0
3357|0	0
2034|0	0
3875|0	0
5284|0	0
3115|0	0
3406|0	0
4936|0	0
2431|0	0
5093|0	0
1095|0	0
1077|0	0
2934|0	0
1452|0	0
1140|0	0
2603|0	0
1341|0	0
5171|0	0
2573|0	0
3232|0	0
1858|0	0
4568|0	0
898|0	0
5276|0	0
2209|0	0
1000|0	0
3329|0	0
3365|0	0
3041|0	0
1806|0	0
3770|0	0
3289|0	0
3763|0	0
1275|0	0
3228|0	0
1772|0	0
4845|0	0
1850|0	0
3424|0	0
5144|0	0
1713|0	0
3721|0	0
5169|0	0
1908|0	0
3559|0	0
3609|0	0
1705|0	0
4868|0	0
4895|0	0
3137|0	0
4219|0	0
2954|0	0
4130|0	0
4529|0	0
744|0	0
4104|0	0
3282|0	0
2384|0	0
4560|0	0
1113|0	0
5066|0	0
4466|0	0
4507|0	0
2640|0	0
1497|0	0
3856|0	0
774|0	0
1018|0	0
4932|0	0
1653|0	0
1099|0	0
3414|0	0
4821|0	0
3949|0	0
2784|0	0
4476|0	0
5236|0	0
4582|0	0
3548|0	0
3149|0	0
1796|0	0
883|0	0
4792|0	0
2264|0	0
1236|0	0
3033|0	0
3632|0	0
3912|0	0
972|0	0
2119|0	0
3781|0	0
3385|0	0
4533|0	0
2999|0	0
2770|0	0
2682|0	0
2564|0	0
3573|0	0
2033|0	0
2189|0	0
2886|0	0
1615|0	0
4103|0	0
813|0	0
5277|0	0
3416|0	0
4662|0	0
2571|0	0
1892|0	0
1993|0	0
892|0	0
970|0	0
2899|0	0
4053|0	0
1861|0	0
1548|0	0
1974|0	0
829|0	0
4989|0	0
2104|0	0
3001|0	0
3054|0	0
2347|0	0
4513|0	0
3299|0	0
3449|0	0
2404|0	0
1259|0	0
3110|0	0
2045|0	0
2718|0	0
2808|0	0
4153|0	0
1963|0	0
1587|0	0
5068|0	0
3917|0	0
4571|0	0
2245|0	0
2229|0	0
1167|0	0
2731|0	0
1581|0	0
3389|0	0
4660|0	0
5154|0	0
2509|0	0
4583|0	0
1073|0	0
3846|0	0
2857|0	0
3557|0	0
2566|0	0
1802|0	0
2388|0	0
5030|0	0
5013|0	0
1216|0	0
3823|0	0
1896|0	0
4699|0	0
2372|0	0
1415|0	0
4819|0	0
4402|0	0
2467|0	0
2663|0	0
4836|0	0
3061|0	0
853|0	0
4913|0	0
833|0	0
3380|0	0
4920|0	0
1101|0	0
3172|0	0
2925|0	0
740|0	0
3447|0	0
2040|0	0
4467|0	0
2332|0	0
2053|0	0
947|0	0
5044|0	0
3703|0	0
2227|0	0
790|0	0
4427|0	0
1880|0	0
5082|0	0
1173|0	0
1888|0	0
2195|0	0
915|0	0
4748|0	0
3813|0	0
1552|0	0
2854|0	0
3792|0	0
1831|0	0
4343|0	0
3242|0	0
1907|0	0
3574|0	0
4896|0	0
3312|0	0
930|0	0
4358|0	0
2585|0	0
2514|0	0
5178|0	0
3532|0	0
1412|0	0
1155|0	0
5307|0	0
1541|0	0
1607|0	0
3818|0	0
4805|0	0
4909|0	0
4921|0	0
2625|0	0
4559|0	0
4514|0	0
1125|0	0
3806|0	0
1699|0	0
1071|0	0
4741|0	0
950|0	0
3705|0	0
1019|0	0
5157|0	0
4671|0	0
2847|0	0
4378|0	0
879|0	0
1194|0	0
5103|0	0
1673|0	0
863|0	0
2337|0	0
4004|0	0
2760|0	0
3673|0	0
1643|0	0
2481|0	0
2846|0	0
1833|0	0
940|0	0
5162|0	0
4047|0	0
3775|0	0
1637|0	0
4687|0	0
4132|0	0
1811|0	0
1728|0	0
3504|0	0
2339|0	0
2927|0	0
3881|0	0
3144|0	0
5274|0	0
1282|0	0
4303|0	0
3134|0	0
1556|0	0
2725|0	0
4904|0	0
1121|0	0
4955|0	0
1416|0	0
4031|0	0
2721|0	0
1814|0	0
1289|0	0
2867|0	0
2331|0	0
3590|0	0
3372|0	0
2271|0	0
3074|0	0
2341|0	0
4316|0	0
5135|0	0
3893|0	0
2124|0	0
1285|0	0
2758|0	0
3247|0	0
3615|0	0
3458|0	0
1408|0	0
3285|0	0
5234|0	0
760|0	0
3158|0	0
1743|0	0
3853|0	0
3268|0	0
4383|0	0
3990|0	0
3732|0	0
3219|0	0
3528|0	0
3266|0	0
1901|0	0
4578|0	0
3768|0	0
924|0	0
4778|0	0
2128|0	0
1384|0	0
2120|0	0
3914|0	0
4607|0	0
5123|0	0
4206|0	0
2399|0	0
3829|0	0
4874|0	0
1405|0	0
1577|0	0
3742|0	0
5020|0	0
2241|0	0
2968|0	0
4438|0	0
4069|0	0
4155|0	0
4442|0	0
3278|0	0
3578|0	0
5302|0	0
4633|0	0
1063|0	0
3221|0	0
4156|0	0
1513|0	0
2794|0	0
2391|0	0
2313|0	0
1396|0	0
4595|0	0
1524|0	0
1568|0	0
3807|0	0
2269|0	0
2280|0	0
3317|0	0
2681|0	0
4369|0	0
4082|0	0
4743|0	0
4981|0	0
2521|0	0
4796|0	0
2743|0	0
4593|0	0
1354|0	0
2275|0	0
4622|0	0
1843|0	0
3410|0	0
1779|0	0
1719|0	0
1782|0	0
2259|0	0
2123|0	0
2273|0	0
4984|0	0
2799|0	0
5288|0	0
1323|0	0
2767|0	0
3104|0	0
2202|0	0
4754|0	0
2730|0	0
1296|0	0
1404|0	0
3811|0	0
2752|0	0
2201|0	0
4066|0	0
4859|0	0
2764|0	0
4802|0	0
1706|0	0
4387|0	0
3873|0	0
4109|0	0
4706|0	0
4086|0	0
3642|0	0
2759|0	0
4923|0	0
2454|0	0
1696|0	0
1242|0	0
2740|0	0
3038|0	0
909|0	0
4731|0	0
2543|0	0
1949|0	0
1223|0	0
2508|0	0
841|0	0
1029|0	0
1562|0	0
3835|0	0
2822|0	0
3023|0	0
2788|0	0
4265|0	0
2959|0	0
5034|0	0
4515|0	0
4986|0	0
2492|0	0
2181|0	0
1021|0	0
3751|0	0
3583|0	0
1614|0	0
5131|0	0
982|0	0
869|0	0
5031|0	0
2276|0	0
4110|0	0
2706|0	0
5286|0	0
5170|0	0
2065|0	0
1724|0	0
1931|0	0
4643|0	0
3215|0	0
4591|0	0
3942|0	0
1258|0	0
1640|0	0
4024|0	0
4839|0	0
5242|0	0
2627|0	0
2386|0	0
1600|0	0
4929|0	0
2853|0	0
2809|0	0
1122|0	0
1362|0	0
5143|0	0
2019|0	0
2972|0	0
5191|0	0
3637|0	0
1914|0	0
1757|0	0
3182|0	0
2147|0	0
3691|0	0
4794|0	0
3286|0	0
3429|0	0
3926|0	0
436|1	1
18|1	1
249|1	1
353|1	1
551|1	1
52|1	1
298|1	1
41|1	1
354|1	1
655|1	1
493|1	1
113|1	1
680|1	1
144|1	1
666|1	1
230|1	1
595|1	1
366|1	1
212|1	1
637|1	1
413|1	1
597|1	1
546|1	1
610|1	1
121|1	1
115|1	1
692|1	1
673|1	1
410|1	1
481|1	1
407|1	1
220|1	1
189|1	1
536|1	1
88|1	1
86|1	1
469|1	1
653|1	1
85|1	1
598|1	1
147|1	1
50|1	1
630|1	1
203|1	1
93|1	1
672|1	1
259|1	1
724|1	1
650|1	1
519|1	1
508|1	1
574|1	1
587|1	1
562|1	1
514|1	1
71|1	1
575|1	1
328|1	1
199|1	1
59|1	1
474|1	1
435|1	1
533|1	1
21|1	1
557|1	1
257|1	1
499|1	1
404|1	1
79|1	1
150|1	1
721|1	1
109|1	1
273|1	1
218|1	1
157|1	1
720|1	1
171|1	1
431|1	1
244|1	1
197|1	1
628|1	1
607|1	1
524|1	1
427|1	1
351|1	1
418|1	1
675|1	1
577|1	1
669|1	1
543|1	1
490|1	1
521|1	1
670|1	1
409|1	1
584|1	1
130|1	1
306|1	1
484|1	1
368|1	1
34|1	1
269|1	1
19|1	1
207|1	1
302|1	1
693|1	1
634|1	1
303|1	1
39|1	1
76|1	1
603|1	1
192|1	1
622|1	1
315|1	1
205|1	1
369|1	1
94|1	1
118|1	1
671|1	1
183|1	1
425|1	1
146|1	1
319|1	1
110|1	1
604|1	1
253|1	1
201|1	1
698|1	1
90|1	1
651|1	1
378|1	1
196|1	1
585|1	1
629|1	1
308|1	1
625|1	1
620|1	1
142|1	1
338|1	1
35|1	1
537|1	1
335|1	1
422|1	1
329|1	1
295|1	1
159|1	1
690|1	1
665|1	1
613|1	1
160|1	1
643|1	1
255|1	1
24|1	1
301|1	1
182|1	1
1|1	1
534|1	1
167|1	1
727|1	1
429|1	1
347|1	1
87|1	1
200|1	1
279|1	1
730|1	1
722|1	1
137|1	1
284|1	1
264|1	1
211|1	1
711|1	1
293|1	1
30|1	1
177|1	1
263|1	1
185|1	1
570|1	1
532|1	1
448|1	1
688|1	1
554|1	1
242|1	1
566|1	1
138|1	1
32|1	1
377|1	1
61|1	1
80|1	1
482|1	1
337|1	1
719|1	1
623|1	1
7|1	1
642|1	1
511|1	1
694|1	1
388|1	1
48|1	1
715|1	1
496|1	1
365|1	1
712|1	1
170|1	1
616|1	1
681|1	1
457|1	1
28|1	1
44|1	1
495|1	1
658|1	1
67|1	1
70|1	1
505|1	1
326|1	1
473|1	1
344|1	1
713|1	1
72|1	1
408|1	1
392|1	1
438|1	1
433|1	1
290|1	1
558|1	1
467|1	1
468|1	1
43|1	1
488|1	1
729|1	1
117|1	1
617|1	1
281|1	1
106|1	1
437|1	1
231|1	1
450|1	1
362|1	1
155|1	1
430|1	1
583|1	1
518|1	1
96|1	1
225|1	1
402|1	1
214|1	1
325|1	1
498|1	1
36|1	1
691|1	1
545|1	1
419|1	1
559|1	1
314|1	1
313|1	1
612|1	1
104|1	1
510|1	1
455|1	1
221|1	1
62|1	1
456|1	1
547|1	1
544|1	1
355|1	1
375|1	1
440|1	1
624|1	1
222|1	1
107|1	1
81|1	1
291|1	1
114|1	1
163|1	1
560|1	1
247|1	1
400|1	1
452|1	1
443|1	1
270|1	1
478|1	1
84|1	1
184|1	1
594|1	1
689|1	1
105|1	1
470|1	1
245|1	1
23|1	1
190|1	1
556|1	1
664|1	1
135|1	1
123|1	1
561|1	1
158|1	1
502|1	1
646|1	1
262|1	1
541|1	1
578|1	1
120|1	1
445|1	1
517|1	1
278|1	1
29|1	1
299|1	1
13|1	1
676|1	1
394|1	1
316|1	1
229|1	1
662|1	1
475|1	1
599|1	1
379|1	1
12|1	1
210|1	1
243|1	1
416|1	1
148|1	1
516|1	1
513|1	1
38|1	1
251|1	1
287|1	1
271|1	1
661|1	1
572|1	1
504|1	1
154|1	1
696|1	1
4|1	1
246|1	1
367|1	1
40|1	1
195|1	1
128|1	1
42|1	1
33|1	1
2|1	1
65|1	1
414|1	1
283|1	1
668|1	1
342|1	1
621|1	1
687|1	1
396|1	1
703|1	1
66|1	1
633|1	1
233|1	1
726|1	1
674|1	1
376|1	1
626|1	1
735|1	1
333|1	1
576|1	1
449|1	1
596|1	1
153|1	1
9|1	1
219|1	1
381|1	1
397|1	1
294|1	1
216|1	1
89|1	1
393|1	1
277|1	1
497|1	1
152|1	1
332|1	1
20|1	1
389|1	1
318|1	1
258|1	1
311|1	1
161|1	1
565|1	1
406|1	1
460|1	1
728|1	1
64|1	1
357|1	1
101|1	1
131|1	1
186|1	1
320|1	1
588|1	1
725|1	1
679|1	1
323|1	1
580|1	1
454|1	1
340|1	1
289|1	1
73|1	1
268|1	1
401|1	1
645|1	1
374|1	1
441|1	1
204|1	1
235|1	1
227|1	1
526|1	1
364|1	1
471|1	1
709|1	1
181|1	1
234|1	1
274|1	1
405|1	1
462|1	1
451|1	1
631|1	1
697|1	1
383|1	1
678|1	1
483|1	1
285|1	1
341|1	1
178|1	1
336|1	1
6|1	1
600|1	1
699|1	1
701|1	1
411|1	1
208|1	1
695|1	1
684|1	1
571|1	1
240|1	1
209|1	1
527|1	1
11|1	1
472|1	1
127|1	1
589|1	1
168|1	1
236|1	1
567|1	1
447|1	1
685|1	1
361|1	1
8|1	1
310|1	1
51|1	1
165|1	1
232|1	1
275|1	1
548|1	1
657|1	1
304|1	1
644|1	1
136|1	1
660|1	1
387|1	1
324|1	1
300|1	1
384|1	1
69|1	1
241|1	1
439|1	1
119|1	1
553|1	1
573|1	1
667|1	1
149|1	1
515|1	1
173|1	1
27|1	1
102|1	1
382|1	1
125|1	1
540|1	1
82|1	1
327|1	1
98|1	1
702|1	1
522|1	1
682|1	1
723|1	1
602|1	1
627|1	1
632|1	1
649|1	1
14|1	1
512|1	1
732|1	1
116|1	1
592|1	1
501|1	1
180|1	1
3|1	1
442|1	1
523|1	1
360|1	1
640|1	1
716|1	1
266|1	1
656|1	1
373|1	1
25|1	1
140|1	1
74|1	1
108|1	1
453|1	1
56|1	1
194|1	1
239|1	1
282|1	1
520|1	1
459|1	1
391|1	1
461|1	1
126|1	1
555|1	1
506|1	1
345|1	1
686|1	1
663|1	1
